AAAAA   4 2 1 2 4 2 4 4 5 2 2 1 5 2 4 3 1 1 3 3 5
BBB     5 2 1 2 4 5 4 4 1 2 2 2 4 4 4 3 1 2 3 3 2
CCCCCC  4 2 2 2 3 5 2 1 2 2 1 2 4 3 2 3 4 4 3 3 5
DDDD    2 2 5 2 2 1 2 1 2 1 2 1 5 2 2 5 5 1 1 3 2
EEE     4 2 5 2 2 5 2 1 1 2 5 2 4 3 2 2 3 3 3 3 4
FFFFFF  5 2 2 2 2 1 2 1 1 2 5 1 4 2 2 3 5 1 3 1 4
GGGG    5 2 1 2 1 2 2 5 2 2 2 1 5 2 2 2 1 4 3 4 3
HHH     4 2 1 2 1 2 2 1 2 2 2 1 4 2 1 2 5 4 3 4 4
II      4 2 1 2 2 1 2 5 1 2 1 2 5 2 2 3 3 1 3 1 2
JJJJ    5 2 5 1 2 1 2 1 1 2 1 1 4 2 2 2 5 2 3 2 1
K       4 1 2 1 2 1 2 5 1 1 1 1 4 2 2 1 5 1 3 4 1
LLLL    5 2 2 2 2 5 2 1 1 2 1 2 5 3 2 1 3 2 1 5 5
MMMM    4 2 1 2 2 1 2 1 2 2 5 2 4 2 2 3 5 1 1 1 5
NNNN    5 2 1 2 2 5 5 5 5 5 5 5 5 5 5 5 5 5 5 5 5
